(
A0JNW5:0.48179,
A1A519:0.34828,
C9JLW8:0.40481);
